3
3
(173, 48, 61)
(67, 143, 111)
(203, 180, 149)
[0, 0, 0, 0, 0, 1, 1, 1, 1, 1, 0, 0, 0, 0, 0]
[0, 0, 0, 0, 1, 1, 1, 1, 1, 1, 0, 0, 0, 0]
[0, 0, 0, 0, 1, 1, 1, 1, 1, 1, 0, 0, 0, 0]
[0, 0, 0, 0, 1, 1, 1, 1, 1, 1, 1, 0, 0, 0, 0]
[0, 0, 0, 0, 1, 1, 2, 2, 2, 1, 1, 0, 0, 0, 0]
[0, 0, 0, 1, 1, 2, 2, 2, 2, 1, 1, 0, 0, 0]
[0, 0, 0, 1, 1, 2, 1, 1, 2, 1, 1, 0, 0, 0]
[0, 0, 0, 1, 1, 2, 1, 1, 1, 2, 1, 1, 0, 0, 0]
[0, 0, 0, 1, 1, 2, 1, 2, 1, 2, 1, 1, 0, 0, 0]
[0, 0, 1, 1, 2, 1, 2, 2, 1, 2, 1, 1, 0, 0]
[0, 0, 1, 1, 2, 1, 2, 2, 1, 2, 1, 1, 0, 0]
[0, 0, 0, 1, 1, 2, 1, 2, 1, 2, 1, 1, 0, 0, 0]
[0, 0, 0, 1, 1, 2, 1, 1, 1, 2, 1, 1, 0, 0, 0]
[0, 0, 0, 1, 1, 2, 1, 1, 2, 1, 1, 0, 0, 0]
[0, 0, 0, 1, 1, 2, 2, 2, 2, 1, 1, 0, 0, 0]
[0, 0, 0, 0, 1, 1, 2, 2, 2, 1, 1, 0, 0, 0, 0]
[0, 0, 0, 0, 1, 1, 1, 1, 1, 1, 1, 0, 0, 0, 0]
[0, 0, 0, 0, 1, 1, 1, 1, 1, 1, 0, 0, 0, 0]
[0, 0, 0, 0, 1, 1, 1, 1, 1, 1, 0, 0, 0, 0]
[0, 0, 0, 0, 0, 1, 1, 1, 1, 1, 0, 0, 0, 0, 0]