3
2
(50, 180, 158)
(221, 97, 43)
(211, 196, 166)
[2, 1, 1, 1, 1, 1, 1, 1, 1, 2, 2, 2, 2, 2, 2]
[2, 1, 1, 1, 1, 1, 1, 1, 1, 2, 2, 2, 2, 2]
[2, 1, 1, 1, 1, 1, 1, 1, 1, 2, 2, 2, 2, 2]
[2, 2, 1, 1, 1, 1, 1, 1, 1, 1, 2, 2, 2, 2, 2]
[2, 2, 1, 1, 1, 1, 1, 1, 1, 1, 2, 2, 2, 2, 2]
[2, 2, 1, 1, 1, 1, 1, 1, 1, 1, 2, 2, 2, 2]
[2, 2, 1, 1, 1, 1, 1, 1, 1, 1, 2, 2, 2, 2]
[2, 2, 2, 1, 1, 1, 1, 1, 1, 1, 1, 2, 2, 2, 2]
[2, 2, 0, 0, 0, 0, 0, 0, 0, 0, 0, 0, 2, 2, 2]
[2, 2, 0, 0, 0, 0, 0, 0, 0, 0, 0, 0, 2, 2]
[2, 2, 0, 0, 0, 0, 0, 0, 0, 0, 0, 0, 2, 2]
[2, 2, 2, 0, 0, 0, 0, 0, 0, 0, 0, 0, 0, 2, 2]
[2, 2, 2, 2, 1, 1, 1, 1, 1, 1, 1, 1, 2, 2, 2]
[2, 2, 2, 2, 1, 1, 1, 1, 1, 1, 1, 1, 2, 2]
[2, 2, 2, 2, 1, 1, 1, 1, 1, 1, 1, 1, 2, 2]
[2, 2, 2, 2, 2, 1, 1, 1, 1, 1, 1, 1, 1, 2, 2]
[2, 2, 2, 2, 2, 1, 1, 1, 1, 1, 1, 1, 1, 2, 2]
[2, 2, 2, 2, 2, 1, 1, 1, 1, 1, 1, 1, 1, 2]
[2, 2, 2, 2, 2, 1, 1, 1, 1, 1, 1, 1, 1, 2]
[2, 2, 2, 2, 2, 2, 1, 1, 1, 1, 1, 1, 1, 1, 2]