4
3
(47, 176, 154)
(221, 102, 49)
(208, 193, 162)
(33, 68, 71)
[2, 3, 3, 3, 3, 1, 1, 1, 1, 2, 2, 2, 2, 2, 2]
[2, 3, 3, 3, 3, 1, 1, 1, 1, 2, 2, 2, 2, 2]
[2, 3, 3, 3, 3, 1, 1, 1, 1, 2, 2, 2, 2, 2]
[2, 2, 3, 3, 3, 3, 1, 1, 1, 1, 2, 2, 2, 2, 2]
[2, 2, 3, 3, 3, 3, 1, 1, 1, 1, 2, 2, 2, 2, 2]
[2, 2, 3, 3, 3, 3, 1, 1, 1, 1, 2, 2, 2, 2]
[2, 2, 3, 3, 3, 3, 1, 1, 1, 1, 2, 2, 2, 2]
[2, 2, 2, 3, 3, 3, 3, 1, 1, 1, 1, 2, 2, 2, 2]
[2, 2, 0, 0, 0, 0, 0, 0, 0, 0, 0, 0, 2, 2, 2]
[2, 2, 0, 0, 0, 0, 0, 0, 0, 0, 0, 0, 2, 2]
[2, 2, 0, 0, 0, 0, 0, 0, 0, 0, 0, 0, 2, 2]
[2, 2, 2, 0, 0, 0, 0, 0, 0, 0, 0, 0, 0, 2, 2]
[2, 2, 2, 2, 3, 3, 3, 3, 1, 1, 1, 1, 2, 2, 2]
[2, 2, 2, 2, 3, 3, 3, 3, 1, 1, 1, 1, 2, 2]
[2, 2, 2, 2, 3, 3, 3, 3, 1, 1, 1, 1, 2, 2]
[2, 2, 2, 2, 2, 3, 3, 3, 3, 1, 1, 1, 1, 2, 2]
[2, 2, 2, 2, 2, 3, 3, 3, 3, 1, 1, 1, 1, 2, 2]
[2, 2, 2, 2, 2, 3, 3, 3, 3, 1, 1, 1, 1, 2]
[2, 2, 2, 2, 2, 3, 3, 3, 3, 1, 1, 1, 1, 2]
[2, 2, 2, 2, 2, 2, 3, 3, 3, 3, 1, 1, 1, 1, 2]