4
5
(47, 176, 154)
(221, 102, 49)
(208, 193, 162)
(33, 68, 71)
[2, 2, 2, 0, 2, 2, 0, 1, 1, 2, 2, 2, 2, 2, 2]
[2, 2, 2, 0, 2, 2, 0, 1, 1, 2, 2, 2, 2, 2]
[1, 3, 3, 0, 1, 1, 0, 3, 1, 1, 3, 3, 3, 3]
[1, 1, 3, 3, 0, 1, 1, 0, 3, 1, 1, 3, 3, 3, 3]
[1, 1, 3, 3, 0, 1, 1, 3, 3, 1, 1, 3, 1, 1, 3]
[1, 1, 3, 3, 0, 1, 1, 3, 3, 1, 1, 3, 1, 1]
[3, 3, 3, 3, 0, 3, 3, 3, 3, 3, 3, 3, 1, 1]
[3, 3, 3, 3, 3, 0, 3, 3, 3, 3, 3, 3, 3, 1, 1]
[2, 2, 2, 2, 2, 0, 2, 2, 1, 1, 1, 2, 2, 2, 2]
[2, 2, 2, 2, 2, 0, 2, 2, 1, 1, 1, 2, 2, 2]
[2, 2, 2, 2, 2, 0, 2, 2, 0, 1, 1, 2, 2, 2]
[2, 2, 2, 2, 2, 2, 0, 2, 2, 0, 1, 1, 2, 2, 2]
[1, 3, 3, 3, 3, 3, 1, 1, 3, 0, 1, 1, 3, 3, 3]
[1, 3, 3, 3, 3, 3, 1, 1, 3, 0, 1, 1, 3, 3]
[1, 3, 1, 1, 3, 3, 1, 1, 3, 1, 1, 1, 3, 3]
[1, 1, 3, 1, 1, 3, 3, 1, 1, 3, 1, 1, 1, 3, 3]
[3, 3, 3, 1, 1, 3, 3, 3, 3, 3, 0, 1, 1, 3, 3]
[3, 3, 3, 1, 1, 3, 3, 3, 3, 3, 0, 1, 1, 3]
[2, 2, 2, 2, 2, 2, 2, 0, 2, 2, 0, 1, 1, 2]
[2, 2, 2, 2, 2, 2, 2, 2, 0, 2, 2, 0, 1, 1, 2]