3
2
(202, 61, 51)
(181, 183, 155)
(12, 62, 71)
[2, 2, 2, 2, 0, 0, 0, 0, 1, 1, 1, 1, 0, 0, 0]
[2, 2, 2, 0, 0, 0, 0, 1, 1, 1, 1, 0, 0, 0]
[2, 2, 2, 0, 2, 0, 0, 1, 0, 1, 1, 0, 2, 0]
[2, 2, 2, 0, 2, 2, 0, 1, 0, 0, 1, 0, 2, 2, 0]
[2, 2, 2, 0, 2, 2, 0, 1, 0, 0, 1, 0, 2, 2, 0]
[2, 2, 0, 0, 2, 0, 1, 1, 0, 1, 0, 0, 2, 0]
[2, 2, 0, 0, 0, 0, 1, 1, 1, 1, 0, 0, 0, 0]
[2, 2, 0, 0, 0, 0, 1, 1, 1, 1, 0, 0, 0, 0, 2]
[2, 2, 0, 2, 0, 0, 1, 0, 1, 1, 0, 2, 0, 0, 2]
[2, 0, 2, 2, 0, 1, 0, 0, 1, 0, 2, 2, 0, 2]
[2, 0, 2, 2, 0, 1, 0, 0, 1, 0, 2, 2, 0, 2]
[2, 0, 0, 2, 0, 1, 1, 0, 1, 0, 0, 2, 0, 2, 2]
[2, 0, 0, 0, 0, 1, 1, 1, 1, 0, 0, 0, 0, 2, 2]
[0, 0, 0, 0, 1, 1, 1, 1, 0, 0, 0, 0, 2, 2]
[0, 2, 0, 0, 1, 0, 1, 1, 0, 2, 0, 0, 2, 2]
[0, 2, 2, 0, 1, 0, 0, 1, 0, 2, 2, 0, 2, 2, 2]
[0, 2, 2, 0, 1, 0, 0, 1, 0, 2, 2, 0, 2, 2, 2]
[0, 2, 0, 1, 1, 0, 1, 0, 0, 2, 0, 2, 2, 2]
[0, 0, 0, 1, 1, 1, 1, 0, 0, 0, 0, 2, 2, 2]
[0, 0, 0, 1, 1, 1, 1, 0, 0, 0, 0, 2, 2, 2, 2]