3
2
(22, 116, 114)
(156, 37, 59)
(203, 142, 39)
[1, 1, 0, 0, 0, 0, 0, 0, 2, 2, 2, 2, 2, 2, 2]
[1, 1, 0, 0, 0, 0, 0, 0, 2, 2, 2, 2, 2, 2]
[1, 1, 0, 0, 0, 0, 0, 0, 2, 2, 2, 2, 2, 2]
[1, 1, 1, 0, 0, 0, 0, 0, 0, 2, 2, 2, 2, 2, 2]
[1, 1, 1, 0, 0, 0, 0, 0, 0, 2, 2, 2, 2, 2, 2]
[1, 1, 1, 0, 0, 0, 0, 0, 0, 2, 2, 2, 2, 2]
[1, 1, 1, 0, 0, 0, 0, 0, 0, 2, 2, 2, 2, 2]
[1, 1, 1, 1, 0, 0, 0, 0, 0, 0, 2, 2, 2, 2, 2]
[1, 1, 1, 1, 0, 0, 0, 0, 0, 0, 2, 2, 2, 2, 2]
[1, 1, 1, 1, 0, 0, 0, 0, 0, 0, 2, 2, 2, 2]
[1, 1, 1, 1, 0, 0, 0, 0, 0, 0, 2, 2, 2, 2]
[1, 1, 1, 1, 1, 0, 0, 0, 0, 0, 0, 2, 2, 2, 2]
[1, 1, 1, 1, 1, 0, 0, 0, 0, 0, 0, 2, 2, 2, 2]
[1, 1, 1, 1, 1, 0, 0, 0, 0, 0, 0, 2, 2, 2]
[1, 1, 1, 1, 1, 0, 0, 0, 0, 0, 0, 2, 2, 2]
[1, 1, 1, 1, 1, 1, 0, 0, 0, 0, 0, 0, 2, 2, 2]
[1, 1, 1, 1, 1, 1, 0, 0, 0, 0, 0, 0, 2, 2, 2]
[1, 1, 1, 1, 1, 1, 0, 0, 0, 0, 0, 0, 2, 2]
[1, 1, 1, 1, 1, 1, 0, 0, 0, 0, 0, 0, 2, 2]
[1, 1, 1, 1, 1, 1, 1, 0, 0, 0, 0, 0, 0, 2, 2]