4
4
(50, 41, 28)
(193, 45, 97)
(72, 166, 120)
(219, 140, 11)
[0, 0, 0, 0, 0, 0, 0, 0, 0, 0, 0, 0, 0, 0, 0]
[2, 0, 2, 2, 0, 2, 2, 0, 2, 2, 0, 2, 2, 0]
[3, 0, 3, 1, 0, 3, 3, 0, 3, 3, 0, 3, 3, 0]
[0, 3, 3, 0, 1, 3, 0, 3, 3, 0, 3, 3, 0, 3, 3]
[0, 0, 0, 0, 0, 0, 0, 0, 0, 0, 0, 0, 0, 0, 0]
[0, 0, 0, 0, 0, 0, 0, 0, 0, 0, 0, 0, 0, 0]
[0, 3, 3, 0, 3, 3, 0, 3, 3, 0, 3, 3, 0, 1]
[0, 3, 0, 3, 3, 0, 3, 3, 0, 3, 3, 0, 3, 1, 0]
[0, 0, 0, 2, 2, 0, 2, 0, 0, 2, 2, 0, 2, 0, 0]
[0, 0, 0, 0, 0, 0, 0, 0, 0, 0, 0, 0, 0, 0]
[0, 0, 0, 0, 0, 0, 0, 0, 0, 0, 0, 0, 0, 0]
[0, 2, 2, 0, 0, 2, 0, 2, 2, 0, 0, 2, 0, 2, 0]
[0, 3, 3, 0, 1, 3, 0, 3, 3, 0, 3, 3, 0, 3, 0]
[3, 0, 3, 1, 0, 3, 3, 0, 3, 3, 0, 3, 3, 0]
[0, 0, 0, 0, 0, 0, 0, 0, 0, 0, 0, 0, 0, 0]
[0, 0, 0, 0, 0, 0, 0, 0, 0, 0, 0, 0, 0, 0, 0]
[3, 3, 0, 3, 3, 0, 3, 3, 0, 3, 3, 0, 3, 1, 0]
[0, 3, 3, 0, 3, 3, 0, 3, 3, 0, 3, 3, 0, 1]
[0, 2, 2, 0, 2, 2, 0, 2, 2, 0, 2, 2, 0, 0]
[0, 0, 0, 0, 0, 0, 0, 0, 0, 0, 0, 0, 0, 0, 0]