3
2
(22, 116, 114)
(156, 37, 59)
(203, 142, 39)
[0, 0, 0, 0, 0, 0, 0, 0, 0, 0, 0, 0, 0, 0, 0]
[0, 0, 0, 0, 0, 0, 0, 0, 0, 0, 0, 0, 0, 0]
[0, 0, 0, 0, 0, 0, 0, 0, 0, 0, 0, 0, 0, 0]
[0, 0, 0, 0, 0, 0, 0, 0, 0, 0, 0, 0, 0, 0, 0]
[0, 0, 1, 1, 1, 1, 2, 2, 2, 2, 0, 0, 0, 0, 0]
[0, 0, 1, 1, 1, 1, 2, 2, 2, 2, 0, 0, 0, 0]
[0, 0, 1, 1, 1, 1, 2, 2, 2, 2, 0, 0, 0, 0]
[0, 0, 0, 1, 1, 1, 1, 2, 2, 2, 2, 0, 0, 0, 0]
[0, 0, 0, 1, 1, 1, 1, 2, 2, 2, 2, 0, 0, 0, 0]
[0, 0, 0, 1, 1, 1, 1, 2, 2, 2, 2, 0, 0, 0]
[0, 0, 0, 1, 1, 1, 1, 2, 2, 2, 2, 0, 0, 0]
[0, 0, 0, 0, 1, 1, 1, 1, 2, 2, 2, 2, 0, 0, 0]
[0, 0, 0, 0, 1, 1, 1, 1, 2, 2, 2, 2, 0, 0, 0]
[0, 0, 0, 0, 1, 1, 1, 1, 2, 2, 2, 2, 0, 0]
[0, 0, 0, 0, 1, 1, 1, 1, 2, 2, 2, 2, 0, 0]
[0, 0, 0, 0, 0, 1, 1, 1, 1, 2, 2, 2, 2, 0, 0]
[0, 0, 0, 0, 0, 0, 0, 0, 0, 0, 0, 0, 0, 0, 0]
[0, 0, 0, 0, 0, 0, 0, 0, 0, 0, 0, 0, 0, 0]
[0, 0, 0, 0, 0, 0, 0, 0, 0, 0, 0, 0, 0, 0]
[0, 0, 0, 0, 0, 0, 0, 0, 0, 0, 0, 0, 0, 0, 0]