3
4
(33, 139, 111)
(222, 104, 28)
(24, 61, 84)
[2, 2, 2, 2, 2, 2, 2, 0, 2, 2, 2, 2, 2, 2, 2]
[2, 2, 2, 2, 2, 2, 0, 0, 2, 2, 2, 2, 2, 2]
[2, 2, 2, 2, 2, 2, 0, 0, 2, 2, 2, 2, 2, 2]
[0, 2, 2, 2, 2, 2, 0, 0, 0, 2, 2, 2, 2, 2, 0]
[0, 2, 2, 2, 2, 2, 0, 0, 0, 2, 2, 2, 2, 2, 0]
[0, 2, 2, 2, 2, 0, 0, 0, 0, 2, 2, 2, 2, 0]
[0, 2, 2, 2, 2, 1, 1, 1, 1, 2, 2, 2, 2, 0]
[0, 0, 2, 2, 2, 0, 1, 2, 1, 0, 2, 2, 2, 0, 0]
[0, 0, 2, 2, 2, 0, 1, 0, 1, 0, 2, 2, 2, 0, 0]
[0, 0, 2, 2, 0, 0, 2, 2, 0, 0, 2, 2, 0, 0]
[0, 0, 2, 2, 0, 0, 1, 1, 0, 0, 2, 2, 0, 0]
[0, 0, 0, 2, 0, 0, 0, 1, 0, 0, 0, 2, 0, 0, 0]
[0, 0, 0, 2, 0, 0, 0, 1, 0, 0, 0, 2, 0, 0, 0]
[0, 0, 0, 0, 0, 0, 0, 0, 0, 0, 0, 0, 0, 0]
[0, 0, 0, 2, 2, 2, 2, 2, 2, 2, 2, 0, 0, 0]
[0, 0, 0, 0, 2, 2, 2, 2, 2, 2, 2, 0, 0, 0, 0]
[0, 0, 0, 0, 2, 2, 2, 2, 2, 2, 2, 0, 0, 0, 0]
[0, 0, 0, 0, 2, 2, 2, 2, 2, 2, 0, 0, 0, 0]
[0, 0, 0, 0, 2, 2, 2, 2, 2, 2, 0, 0, 0, 0]
[0, 0, 0, 0, 0, 2, 2, 2, 2, 2, 0, 0, 0, 0, 0]