4
5
(28, 134, 106)
(222, 101, 24)
(217, 172, 43)
(30, 66, 89)
[0, 0, 0, 0, 0, 0, 0, 0, 0, 0, 0, 0, 0, 0, 0]
[0, 0, 0, 0, 0, 0, 0, 0, 0, 0, 0, 0, 0, 0]
[0, 1, 1, 1, 1, 1, 1, 1, 1, 0, 0, 0, 0, 0]
[0, 0, 1, 1, 1, 1, 1, 1, 1, 0, 0, 0, 0, 0, 0]
[0, 0, 1, 0, 0, 0, 0, 0, 1, 0, 0, 1, 1, 0, 0]
[0, 0, 1, 0, 0, 0, 0, 1, 0, 3, 0, 0, 0, 0]
[0, 0, 1, 0, 3, 3, 0, 1, 0, 3, 0, 1, 0, 0]
[0, 0, 0, 1, 0, 2, 0, 1, 0, 3, 3, 0, 0, 0, 0]
[0, 0, 0, 1, 0, 3, 0, 1, 0, 0, 0, 0, 0, 0, 0]
[0, 0, 0, 1, 0, 0, 1, 0, 3, 0, 3, 0, 0, 0]
[0, 0, 0, 1, 0, 0, 1, 0, 3, 0, 3, 0, 0, 0]
[0, 0, 2, 0, 1, 0, 1, 0, 3, 0, 0, 3, 0, 0, 0]
[0, 0, 2, 0, 1, 0, 1, 0, 3, 1, 1, 3, 0, 0, 0]
[0, 2, 2, 0, 1, 1, 0, 3, 0, 3, 0, 3, 0, 0]
[0, 2, 2, 0, 1, 1, 0, 0, 0, 1, 0, 0, 0, 0]
[0, 2, 2, 2, 0, 1, 0, 3, 0, 0, 0, 0, 3, 0, 0]
[0, 0, 0, 0, 0, 1, 0, 3, 0, 3, 3, 0, 3, 0, 0]
[0, 0, 0, 0, 0, 0, 3, 3, 3, 3, 3, 3, 3, 0]
[0, 0, 0, 0, 0, 0, 0, 0, 0, 0, 0, 0, 0, 0]
[0, 0, 0, 0, 0, 0, 0, 0, 0, 0, 0, 0, 0, 0, 0]