3
3
(63, 52, 28)
(78, 164, 129)
(205, 51, 55)
[1, 1, 1, 1, 0, 0, 0, 0, 0, 0, 2, 0, 1, 1, 1]
[1, 1, 1, 0, 0, 0, 0, 0, 0, 2, 2, 1, 1, 1]
[0, 0, 0, 0, 1, 1, 1, 1, 0, 2, 2, 1, 1, 1]
[0, 0, 0, 0, 0, 1, 1, 1, 1, 2, 2, 2, 1, 1, 1]
[1, 1, 1, 0, 0, 1, 1, 1, 1, 2, 2, 2, 0, 0, 0]
[1, 1, 0, 0, 2, 1, 1, 1, 2, 2, 2, 2, 0, 0]
[1, 1, 0, 0, 2, 1, 1, 1, 2, 2, 2, 2, 0, 0]
[1, 1, 0, 0, 2, 2, 1, 1, 2, 2, 2, 2, 2, 0, 1]
[1, 1, 0, 0, 2, 2, 0, 0, 2, 2, 2, 2, 2, 0, 1]
[1, 0, 0, 2, 2, 2, 0, 2, 2, 2, 2, 2, 2, 1]
[1, 1, 1, 2, 2, 2, 0, 0, 0, 1, 1, 1, 0, 1]
[1, 0, 1, 2, 2, 2, 2, 0, 0, 1, 1, 1, 0, 1, 1]
[1, 0, 1, 2, 2, 2, 2, 0, 2, 2, 2, 2, 2, 1, 1]
[0, 0, 2, 2, 2, 2, 2, 0, 2, 2, 2, 2, 1, 1]
[0, 0, 2, 2, 2, 2, 2, 0, 2, 2, 2, 2, 0, 0]
[0, 0, 2, 2, 2, 2, 2, 2, 1, 2, 2, 2, 0, 0, 0]
[0, 0, 2, 2, 2, 2, 2, 2, 1, 2, 2, 2, 0, 1, 1]
[0, 2, 2, 2, 2, 2, 2, 2, 1, 2, 2, 0, 1, 1]
[0, 0, 1, 1, 1, 1, 0, 1, 1, 2, 2, 0, 1, 1]
[0, 0, 1, 1, 1, 1, 0, 1, 1, 1, 2, 0, 1, 1, 1]