2
1
(165, 44, 56)
(66, 141, 109)
[0, 0, 0, 0, 0, 1, 1, 1, 1, 1, 0, 0, 0, 0, 0]
[0, 0, 0, 0, 1, 1, 1, 1, 1, 1, 0, 0, 0, 0]
[0, 0, 0, 0, 1, 1, 1, 1, 1, 1, 0, 0, 0, 0]
[0, 0, 0, 0, 1, 1, 1, 1, 1, 1, 1, 0, 0, 0, 0]
[0, 0, 0, 0, 1, 1, 0, 0, 0, 1, 1, 0, 0, 0, 0]
[0, 0, 0, 1, 1, 0, 0, 0, 0, 1, 1, 0, 0, 0]
[0, 0, 0, 1, 1, 0, 0, 0, 0, 1, 1, 0, 0, 0]
[0, 0, 0, 1, 1, 0, 0, 0, 0, 0, 1, 1, 0, 0, 0]
[0, 0, 0, 1, 1, 0, 0, 0, 0, 0, 1, 1, 0, 0, 0]
[0, 0, 1, 1, 0, 0, 0, 0, 0, 0, 1, 1, 0, 0]
[0, 0, 1, 1, 0, 0, 0, 0, 0, 0, 1, 1, 0, 0]
[0, 0, 0, 1, 1, 0, 0, 0, 0, 0, 1, 1, 0, 0, 0]
[0, 0, 0, 1, 1, 0, 0, 0, 0, 0, 1, 1, 0, 0, 0]
[0, 0, 0, 1, 1, 0, 0, 0, 0, 1, 1, 0, 0, 0]
[0, 0, 0, 1, 1, 0, 0, 0, 0, 1, 1, 0, 0, 0]
[0, 0, 0, 0, 1, 1, 0, 0, 0, 1, 1, 0, 0, 0, 0]
[0, 0, 0, 0, 1, 1, 1, 1, 1, 1, 1, 0, 0, 0, 0]
[0, 0, 0, 0, 1, 1, 1, 1, 1, 1, 0, 0, 0, 0]
[0, 0, 0, 0, 1, 1, 1, 1, 1, 1, 0, 0, 0, 0]
[0, 0, 0, 0, 0, 1, 1, 1, 1, 1, 0, 0, 0, 0, 0]